re = 1000.000000
omg = 1.700000
alpha = 0.900000
dt = 0.003000
tend = 15.000000
iter = 30
eps = 0.001000
tau = 0.500000
